2305708
2334155
2338630
2302953
2307323
2333622
2336976
2306237
2333981
2306232
2334555
2302550
2310905
2310904
2312005
2312251
2308409
2310471
2304720
2306867
2303635
2310479
2338902
2305130
2338901
2335875
2304167
2311287
2313620
2314241
2342278
2315211
2305328
2302853
2304754
2308439
2342959
2304758
2312747
2306257
2309127
2337407
2310045
2313712
2336837
2340000
2305714
2305832
2307335
2338848
2307579
2302563
2309112
2308543
2307971
2339936
2335859
2341681
2313011
2343106
2341566
2342817
2305221
2332699
2337349
2302475
2306790
2314589
2313018
2310823
2312966
2312052
2314597
2333096
2315281
2335559
2307357
2312858
2310158
2304243
2334905
2332729
2311249
2341264
2340572
2341543
2314564
2313595
2340453
2307705
2337287
2338893
2303625
2334853
2308876
2312706
2334697
2337445
2309441
2314205
2311576
2340170
2302926
2340167
2304304
2303731
2309319
2314292
2341539
2335139
2306721
2310499
2338801
2310013
2335774
2309672
2315149